    0    0    0    0    0    0    0    0 0.4867997127 0.0000000000 
    0    0    0    0    0    0    0    1 0.0025853162 0.0890012698 
    0    0    0    0    0    1    0    0 0.0000000000 0.0000000000 
    0    0    0    0    0    1    0    1 0.0000000000 0.0000000000 
    0    0    0    0    1    0    1    0 0.2539044402 0.0000000000 
    0    0    0    0    1    0    1    1 -0.0054509169 0.0128413454 
    0    0    0    0    1    1    1    0 -0.0054509169 -0.0128413454 
    0    0    0    0    1    1    1    1 0.2328952726 0.0000000000 
    0    0    0    0    2    0    2    0 0.1834209509 0.0000000000 
    0    0    0    0    2    0    2    1 -0.0053431707 0.0012443714 
    0    0    0    0    2    1    2    0 -0.0053431707 -0.0012443714 
    0    0    0    0    2    1    2    1 0.3033787619 0.0000000000 
    0    0    0    0    3    0    3    0 0.1923123053 0.0000000000 
    0    0    0    0    3    0    3    1 -0.0078467690 -0.0535025140 
    0    0    0    0    3    1    3    0 -0.0078467690 0.0535025140 
    0    0    0    0    3    1    3    1 0.2944874074 0.0000000000 
    0    0    0    0    4    0    4    0 0.2044612846 0.0000000000 
    0    0    0    0    4    0    4    1 0.0210890733 -0.0122263235 
    0    0    0    0    4    1    4    0 0.0210890733 0.0122263235 
    0    0    0    0    4    1    4    1 0.2823384281 0.0000000000 
    0    0    0    0    5    0    5    0 0.1233191478 0.0000000000 
    0    0    0    0    5    0    5    1 -0.0211475104 -0.0183408826 
    0    0    0    0    5    1    5    0 -0.0211475104 0.0183408826 
    0    0    0    0    5    1    5    1 0.3634805649 0.0000000000 
    0    0    0    0    6    0    6    0 0.2865193808 0.0000000000 
    0    0    0    0    6    0    6    1 0.0276496169 0.0196824676 
    0    0    0    0    6    1    6    0 0.0276496169 -0.0196824676 
    0    0    0    0    6    1    6    1 0.2002803319 0.0000000000 
    0    0    0    0    7    0    7    0 0.3014888014 0.0000000000 
    0    0    0    0    7    0    7    1 -0.0277980787 0.0088657763 
    0    0    0    0    7    1    7    0 -0.0277980787 -0.0088657763 
    0    0    0    0    7    1    7    1 0.1853109113 0.0000000000 
    0    0    0    1    0    0    0    0 0.0000000000 0.0000000000 
    0    0    0    1    0    0    0    1 0.0000000000 0.0000000000 
    0    0    0    1    0    1    0    0 0.4867997127 0.0000000000 
    0    0    0    1    0    1    0    1 0.0025853162 0.0890012698 
    0    0    0    1    1    0    1    0 0.0054037399 0.0221871388 
    0    0    0    1    1    0    1    1 -0.0371458208 0.0058330688 
    0    0    0    1    1    1    1    0 -0.1579152122 0.0186021434 
    0    0    0    1    1    1    1    1 -0.0028184238 0.0668141310 
    0    0    0    1    2    0    2    0 -0.0038743661 -0.0200232091 
    0    0    0    1    2    0    2    1 -0.0415942411 -0.0050454608 
    0    0    0    1    2    1    2    0 0.0607992694 -0.0210083597 
    0    0    0    1    2    1    2    1 0.0064596823 0.1090244789 
    0    0    0    1    3    0    3    0 0.0376769422 0.0487478991 
    0    0    0    1    3    0    3    1 0.1293929502 0.0231217232 
    0    0    0    1    3    1    3    0 -0.1775244890 -0.0013134884 
    0    0    0    1    3    1    3    1 -0.0350916260 0.0402533707 
    0    0    0    1    4    0    4    0 -0.0034479633 0.0589263312 
    0    0    0    1    4    0    4    1 0.0182361655 -0.0401610714 
    0    0    0    1    4    1    4    0 -0.0727992534 -0.0371035162 
    0    0    0    1    4    1    4    1 0.0060332795 0.0300749386 
    0    0    0    1    5    0    5    0 -0.0017560678 0.0390087177 
    0    0    0    1    5    0    5    1 0.0463259787 0.0139235965 
    0    0    0    1    5    1    5    0 -0.0120809267 0.1128590178 
    0    0    0    1    5    1    5    1 0.0043413839 0.0499925521 
    0    0    0    1    6    0    6    0 -0.0000592482 0.0393738816 
    0    0    0    1    6    0    6    1 -0.0495739849 0.0308587032 
    0    0    0    1    6    1    6    0 0.0188186720 0.0107330181 
    0    0    0    1    6    1    6    1 0.0026445644 0.0496273883 
    0    0    0    1    7    0    7    0 0.0080935452 0.1116400306 
    0    0    0    1    7    0    7    1 -0.0308874260 -0.0022184345 
    0    0    0    1    7    1    7    0 0.0624241635 -0.0221269693 
    0    0    0    1    7    1    7    1 -0.0055082290 -0.0226387608 
    0    1    0    0    0    0    0    0 0.0025853162 -0.0890012698 
    0    1    0    0    0    0    0    1 0.5132002873 0.0000000000 
    0    1    0    0    0    1    0    0 0.0000000000 0.0000000000 
    0    1    0    0    0    1    0    1 0.0000000000 0.0000000000 
    0    1    0    0    1    0    1    0 0.0054037399 -0.0221871388 
    0    1    0    0    1    0    1    1 -0.1579152122 -0.0186021434 
    0    1    0    0    1    1    1    0 -0.0371458208 -0.0058330688 
    0    1    0    0    1    1    1    1 -0.0028184238 -0.0668141310 
    0    1    0    0    2    0    2    0 -0.0038743661 0.0200232091 
    0    1    0    0    2    0    2    1 0.0607992694 0.0210083597 
    0    1    0    0    2    1    2    0 -0.0415942411 0.0050454608 
    0    1    0    0    2    1    2    1 0.0064596823 -0.1090244789 
    0    1    0    0    3    0    3    0 0.0376769422 -0.0487478991 
    0    1    0    0    3    0    3    1 -0.1775244890 0.0013134884 
    0    1    0    0    3    1    3    0 0.1293929502 -0.0231217232 
    0    1    0    0    3    1    3    1 -0.0350916260 -0.0402533707 
    0    1    0    0    4    0    4    0 -0.0034479633 -0.0589263312 
    0    1    0    0    4    0    4    1 -0.0727992534 0.0371035162 
    0    1    0    0    4    1    4    0 0.0182361655 0.0401610714 
    0    1    0    0    4    1    4    1 0.0060332795 -0.0300749386 
    0    1    0    0    5    0    5    0 -0.0017560678 -0.0390087177 
    0    1    0    0    5    0    5    1 -0.0120809267 -0.1128590178 
    0    1    0    0    5    1    5    0 0.0463259787 -0.0139235965 
    0    1    0    0    5    1    5    1 0.0043413839 -0.0499925521 
    0    1    0    0    6    0    6    0 -0.0000592482 -0.0393738816 
    0    1    0    0    6    0    6    1 0.0188186720 -0.0107330181 
    0    1    0    0    6    1    6    0 -0.0495739849 -0.0308587032 
    0    1    0    0    6    1    6    1 0.0026445644 -0.0496273883 
    0    1    0    0    7    0    7    0 0.0080935452 -0.1116400306 
    0    1    0    0    7    0    7    1 0.0624241635 0.0221269693 
    0    1    0    0    7    1    7    0 -0.0308874260 0.0022184345 
    0    1    0    0    7    1    7    1 -0.0055082290 0.0226387608 
    0    1    0    1    0    0    0    0 0.0000000000 0.0000000000 
    0    1    0    1    0    0    0    1 0.0000000000 0.0000000000 
    0    1    0    1    0    1    0    0 0.0025853162 -0.0890012698 
    0    1    0    1    0    1    0    1 0.5132002873 0.0000000000 
    0    1    0    1    1    0    1    0 0.3201384602 0.0000000000 
    0    1    0    1    1    0    1    1 0.0006465367 -0.0199413900 
    0    1    0    1    1    1    1    0 0.0006465367 0.0199413900 
    0    1    0    1    1    1    1    1 0.1930618271 0.0000000000 
    0    1    0    1    2    0    2    0 0.2143939649 0.0000000000 
    0    1    0    1    2    0    2    1 -0.0807146762 0.0057928511 
    0    1    0    1    2    1    2    0 -0.0807146762 -0.0057928511 
    0    1    0    1    2    1    2    1 0.2988063224 0.0000000000 
    0    1    0    1    3    0    3    0 0.2660194297 0.0000000000 
    0    1    0    1    3    0    3    1 0.1003371006 -0.0425186777 
    0    1    0    1    3    1    3    0 0.1003371006 0.0425186777 
    0    1    0    1    3    1    3    1 0.2471808576 0.0000000000 
    0    1    0    1    4    0    4    0 0.2233700568 0.0000000000 
    0    1    0    1    4    0    4    1 -0.0019624588 0.0111516946 
    0    1    0    1    4    1    4    0 -0.0019624588 -0.0111516946 
    0    1    0    1    4    1    4    1 0.2898302305 0.0000000000 
    0    1    0    1    5    0    5    0 0.3847026359 0.0000000000 
    0    1    0    1    5    0    5    1 -0.0000296787 -0.0213807234 
    0    1    0    1    5    1    5    0 -0.0000296787 0.0213807234 
    0    1    0    1    5    1    5    1 0.1284976514 0.0000000000 
    0    1    0    1    6    0    6    0 0.2596508122 0.0000000000 
    0    1    0    1    6    0    6    1 0.0466976919 0.0239435066 
    0    1    0    1    6    1    6    0 0.0466976919 -0.0239435066 
    0    1    0    1    6    1    6    1 0.2535494751 0.0000000000 
    0    1    0    1    7    0    7    0 0.2969484906 0.0000000000 
    0    1    0    1    7    0    7    1 -0.0418249590 -0.0082543125 
    0    1    0    1    7    1    7    0 -0.0418249590 0.0082543125 
    0    1    0    1    7    1    7    1 0.2162517966 0.0000000000 
    1    0    1    0    0    0    0    0 0.2539044402 0.0000000000 
    1    0    1    0    0    0    0    1 0.0054037399 0.0221871388 
    1    0    1    0    0    1    0    0 0.0054037399 -0.0221871388 
    1    0    1    0    0    1    0    1 0.3201384602 0.0000000000 
    1    0    1    0    1    0    1    0 0.5740429004 0.0000000000 
    1    0    1    0    1    0    1    1 -0.0048043802 -0.0071000446 
    1    0    1    0    1    1    1    0 0.0000000000 0.0000000000 
    1    0    1    0    1    1    1    1 0.0000000000 0.0000000000 
    1    0    1    0    2    0    2    0 0.2427829503 0.0000000000 
    1    0    1    0    2    0    2    1 -0.0444101639 -0.0023663001 
    1    0    1    0    2    1    2    0 -0.0444101639 0.0023663001 
    1    0    1    0    2    1    2    1 0.3312599501 0.0000000000 
    1    0    1    0    3    0    3    0 0.2750736797 0.0000000000 
    1    0    1    0    3    0    3    1 0.0438584650 -0.0335849000 
    1    0    1    0    3    1    3    0 0.0438584650 0.0335849000 
    1    0    1    0    3    1    3    1 0.2989692207 0.0000000000 
    1    0    1    0    4    0    4    0 0.1282678326 0.0000000000 
    1    0    1    0    4    0    4    1 0.0075879617 0.0060922255 
    1    0    1    0    4    1    4    0 0.0075879617 -0.0060922255 
    1    0    1    0    4    1    4    1 0.4457750677 0.0000000000 
    1    0    1    0    5    0    5    0 0.2881780995 0.0000000000 
    1    0    1    0    5    0    5    1 -0.0082773092 -0.0145006706 
    1    0    1    0    5    1    5    0 -0.0082773092 0.0145006706 
    1    0    1    0    5    1    5    1 0.2858648008 0.0000000000 
    1    0    1    0    6    0    6    0 0.2992996007 0.0000000000 
    1    0    1    0    6    0    6    1 0.0347717031 0.0237433222 
    1    0    1    0    6    1    6    0 0.0347717031 -0.0237433222 
    1    0    1    0    6    1    6    1 0.2747432997 0.0000000000 
    1    0    1    0    7    0    7    0 0.3254530410 0.0000000000 
    1    0    1    0    7    0    7    1 -0.0329817583 -0.0067850470 
    1    0    1    0    7    1    7    0 -0.0329817583 0.0067850470 
    1    0    1    0    7    1    7    1 0.2485898593 0.0000000000 
    1    0    1    1    0    0    0    0 -0.0054509169 0.0128413454 
    1    0    1    1    0    0    0    1 -0.0371458208 0.0058330688 
    1    0    1    1    0    1    0    0 -0.1579152122 -0.0186021434 
    1    0    1    1    0    1    0    1 0.0006465367 -0.0199413900 
    1    0    1    1    1    0    1    0 0.0000000000 0.0000000000 
    1    0    1    1    1    0    1    1 0.0000000000 0.0000000000 
    1    0    1    1    1    1    1    0 0.5740429004 0.0000000000 
    1    0    1    1    1    1    1    1 -0.0048043802 -0.0071000446 
    1    0    1    1    2    0    2    0 0.0026604307 0.0046894116 
    1    0    1    1    2    0    2    1 0.1186101124 -0.0070283791 
    1    0    1    1    2    1    2    0 -0.1302426002 0.0057406950 
    1    0    1    1    2    1    2    1 -0.0074648109 -0.0117894561 
    1    0    1    1    3    0    3    0 -0.0037540960 -0.0053133289 
    1    0    1    1    3    0    3    1 -0.0415942415 -0.0118486503 
    1    0    1    1    3    1    3    0 0.0607992684 0.0145095226 
    1    0    1    1    3    1    3    1 -0.0010502842 -0.0017867157 
    1    0    1    1    4    0    4    0 0.0017088914 -0.0094349342 
    1    0    1    1    4    0    4    1 0.0277291636 0.0071910428 
    1    0    1    1    4    1    4    0 0.0425095536 0.0271110106 
    1    0    1    1    4    1    4    1 -0.0065132716 0.0023348897 
    1    0    1    1    5    0    5    0 0.0011771746 -0.0058242623 
    1    0    1    1    5    0    5    1 -0.0727992521 -0.0031634873 
    1    0    1    1    5    1    5    0 0.0182361639 -0.0232891721 
    1    0    1    1    5    1    5    1 -0.0059815548 -0.0012757823 
    1    0    1    1    6    0    6    0 -0.0249245775 0.0391843828 
    1    0    1    1    6    0    6    1 0.0699033375 0.0018773941 
    1    0    1    1    6    1    6    0 -0.0383665965 -0.0265421690 
    1    0    1    1    6    1    6    1 0.0201201973 -0.0462844274 
    1    0    1    1    7    0    7    0 -0.0075692135 -0.0125522489 
    1    0    1    1    7    0    7    1 -0.0191792752 -0.0015519642 
    1    0    1    1    7    1    7    0 -0.0115760369 0.0015055939 
    1    0    1    1    7    1    7    1 0.0027648333 0.0054522043 
    1    1    1    0    0    0    0    0 -0.0054509169 -0.0128413454 
    1    1    1    0    0    0    0    1 -0.1579152122 0.0186021434 
    1    1    1    0    0    1    0    0 -0.0371458208 -0.0058330688 
    1    1    1    0    0    1    0    1 0.0006465367 0.0199413900 
    1    1    1    0    1    0    1    0 -0.0048043802 0.0071000446 
    1    1    1    0    1    0    1    1 0.4259570996 0.0000000000 
    1    1    1    0    1    1    1    0 0.0000000000 0.0000000000 
    1    1    1    0    1    1    1    1 0.0000000000 0.0000000000 
    1    1    1    0    2    0    2    0 0.0026604307 -0.0046894116 
    1    1    1    0    2    0    2    1 -0.1302426002 -0.0057406950 
    1    1    1    0    2    1    2    0 0.1186101124 0.0070283791 
    1    1    1    0    2    1    2    1 -0.0074648109 0.0117894561 
    1    1    1    0    3    0    3    0 -0.0037540960 0.0053133289 
    1    1    1    0    3    0    3    1 0.0607992684 -0.0145095226 
    1    1    1    0    3    1    3    0 -0.0415942415 0.0118486503 
    1    1    1    0    3    1    3    1 -0.0010502842 0.0017867157 
    1    1    1    0    4    0    4    0 0.0017088914 0.0094349342 
    1    1    1    0    4    0    4    1 0.0425095536 -0.0271110106 
    1    1    1    0    4    1    4    0 0.0277291636 -0.0071910428 
    1    1    1    0    4    1    4    1 -0.0065132716 -0.0023348897 
    1    1    1    0    5    0    5    0 0.0011771746 0.0058242623 
    1    1    1    0    5    0    5    1 0.0182361639 0.0232891721 
    1    1    1    0    5    1    5    0 -0.0727992521 0.0031634873 
    1    1    1    0    5    1    5    1 -0.0059815548 0.0012757823 
    1    1    1    0    6    0    6    0 -0.0249245775 -0.0391843828 
    1    1    1    0    6    0    6    1 -0.0383665965 0.0265421690 
    1    1    1    0    6    1    6    0 0.0699033375 -0.0018773941 
    1    1    1    0    6    1    6    1 0.0201201973 0.0462844274 
    1    1    1    0    7    0    7    0 -0.0075692135 0.0125522489 
    1    1    1    0    7    0    7    1 -0.0115760369 -0.0015055939 
    1    1    1    0    7    1    7    0 -0.0191792752 0.0015519642 
    1    1    1    0    7    1    7    1 0.0027648333 -0.0054522043 
    1    1    1    1    0    0    0    0 0.2328952726 0.0000000000 
    1    1    1    1    0    0    0    1 -0.0028184238 0.0668141310 
    1    1    1    1    0    1    0    0 -0.0028184238 -0.0668141310 
    1    1    1    1    0    1    0    1 0.1930618271 0.0000000000 
    1    1    1    1    1    0    1    0 0.0000000000 0.0000000000 
    1    1    1    1    1    0    1    1 0.0000000000 0.0000000000 
    1    1    1    1    1    1    1    0 -0.0048043802 0.0071000446 
    1    1    1    1    1    1    1    1 0.4259570996 0.0000000000 
    1    1    1    1    2    0    2    0 0.1550319655 0.0000000000 
    1    1    1    1    2    0    2    1 -0.0416476830 0.0094035226 
    1    1    1    1    2    1    2    0 -0.0416476830 -0.0094035226 
    1    1    1    1    2    1    2    1 0.2709251342 0.0000000000 
    1    1    1    1    3    0    3    0 0.1832580553 0.0000000000 
    1    1    1    1    3    0    3    1 0.0486318666 -0.0624362918 
    1    1    1    1    3    1    3    0 0.0486318666 0.0624362918 
    1    1    1    1    3    1    3    1 0.2426990444 0.0000000000 
    1    1    1    1    4    0    4    0 0.2995635088 0.0000000000 
    1    1    1    1    4    0    4    1 0.0115386528 -0.0071668544 
    1    1    1    1    4    1    4    0 0.0115386528 0.0071668544 
    1    1    1    1    4    1    4    1 0.1263935909 0.0000000000 
    1    1    1    1    5    0    5    0 0.2198436842 0.0000000000 
    1    1    1    1    5    0    5    1 -0.0128998800 -0.0252209355 
    1    1    1    1    5    1    5    0 -0.0128998800 0.0252209355 
    1    1    1    1    5    1    5    1 0.2061134154 0.0000000000 
    1    1    1    1    6    0    6    0 0.2468705923 0.0000000000 
    1    1    1    1    6    0    6    1 0.0395756057 0.0198826520 
    1    1    1    1    6    1    6    0 0.0395756057 -0.0198826520 
    1    1    1    1    6    1    6    1 0.1790865073 0.0000000000 
    1    1    1    1    7    0    7    0 0.2729842510 0.0000000000 
    1    1    1    1    7    0    7    1 -0.0366412794 0.0073965108 
    1    1    1    1    7    1    7    0 -0.0366412794 -0.0073965108 
    1    1    1    1    7    1    7    1 0.1529728486 0.0000000000 
    2    0    2    0    0    0    0    0 0.1834209509 0.0000000000 
    2    0    2    0    0    0    0    1 -0.0038743661 -0.0200232091 
    2    0    2    0    0    1    0    0 -0.0038743661 0.0200232091 
    2    0    2    0    0    1    0    1 0.2143939649 0.0000000000 
    2    0    2    0    1    0    1    0 0.2427829503 0.0000000000 
    2    0    2    0    1    0    1    1 0.0026604307 0.0046894116 
    2    0    2    0    1    1    1    0 0.0026604307 -0.0046894116 
    2    0    2    0    1    1    1    1 0.1550319655 0.0000000000 
    2    0    2    0    2    0    2    0 0.3978149157 0.0000000000 
    2    0    2    0    2    0    2    1 -0.0860578469 0.0070372225 
    2    0    2    0    2    1    2    0 0.0000000000 0.0000000000 
    2    0    2    0    2    1    2    1 0.0000000000 0.0000000000 
    2    0    2    0    3    0    3    0 0.1483647939 0.0000000000 
    2    0    2    0    3    0    3    1 0.0514615391 0.0408711965 
    2    0    2    0    3    1    3    0 0.0514615391 -0.0408711965 
    2    0    2    0    3    1    3    1 0.2494501219 0.0000000000 
    2    0    2    0    4    0    4    0 0.1520360745 0.0000000000 
    2    0    2    0    4    0    4    1 0.0103984037 0.0548679560 
    2    0    2    0    4    1    4    0 0.0103984037 -0.0548679560 
    2    0    2    0    4    1    4    1 0.2457788412 0.0000000000 
    2    0    2    0    5    0    5    0 0.2117886525 0.0000000000 
    2    0    2    0    5    0    5    1 -0.0126037595 0.0097598803 
    2    0    2    0    5    1    5    0 -0.0126037595 -0.0097598803 
    2    0    2    0    5    1    5    1 0.1860262633 0.0000000000 
    2    0    2    0    6    0    6    0 0.2217893107 0.0000000000 
    2    0    2    0    6    0    6    1 0.0404045055 -0.0085706098 
    2    0    2    0    6    1    6    0 0.0404045055 0.0085706098 
    2    0    2    0    6    1    6    1 0.1760256050 0.0000000000 
    2    0    2    0    7    0    7    0 0.1305553329 0.0000000000 
    2    0    2    0    7    0    7    1 -0.0377341203 -0.0505194128 
    2    0    2    0    7    1    7    0 -0.0377341203 0.0505194128 
    2    0    2    0    7    1    7    1 0.2672595828 0.0000000000 
    2    0    2    1    0    0    0    0 -0.0053431707 0.0012443714 
    2    0    2    1    0    0    0    1 -0.0415942411 -0.0050454608 
    2    0    2    1    0    1    0    0 0.0607992694 0.0210083597 
    2    0    2    1    0    1    0    1 -0.0807146762 0.0057928511 
    2    0    2    1    1    0    1    0 -0.0444101639 -0.0023663001 
    2    0    2    1    1    0    1    1 0.1186101124 -0.0070283791 
    2    0    2    1    1    1    1    0 -0.1302426002 -0.0057406950 
    2    0    2    1    1    1    1    1 -0.0416476830 0.0094035226 
    2    0    2    1    2    0    2    0 0.0000000000 0.0000000000 
    2    0    2    1    2    0    2    1 0.0000000000 0.0000000000 
    2    0    2    1    2    1    2    0 0.3978149157 0.0000000000 
    2    0    2    1    2    1    2    1 -0.0860578469 0.0070372225 
    2    0    2    1    3    0    3    0 -0.0476908202 -0.0530574981 
    2    0    2    1    3    0    3    1 -0.0574881099 0.0102602755 
    2    0    2    1    3    1    3    0 -0.1813968381 -0.0115479606 
    2    0    2    1    3    1    3    1 -0.0383670267 0.0600947207 
    2    0    2    1    4    0    4    0 -0.0454156250 0.0101459335 
    2    0    2    1    4    0    4    1 0.0115760360 0.0062522947 
    2    0    2    1    4    1    4    0 0.0191792746 -0.0327049516 
    2    0    2    1    4    1    4    1 -0.0406422219 -0.0031087109 
    2    0    2    1    5    0    5    0 -0.0807314491 -0.0033052135 
    2    0    2    1    5    0    5    1 0.0358522899 0.0159987756 
    2    0    2    1    5    1    5    0 -0.0724176446 0.0130071430 
    2    0    2    1    5    1    5    1 -0.0053263978 0.0103424361 
    2    0    2    1    6    0    6    0 -0.0378835436 0.0017553038 
    2    0    2    1    6    0    6    1 -0.0625496481 -0.0143776512 
    2    0    2    1    6    1    6    0 0.0284857704 0.0143312800 
    2    0    2    1    6    1    6    1 -0.0481743033 0.0052819187 
    2    0    2    1    7    0    7    0 -0.0378125515 0.0117580454 
    2    0    2    1    7    0    7    1 0.0214580057 -0.0094817951 
    2    0    2    1    7    1    7    0 0.0241007293 0.0451986616 
    2    0    2    1    7    1    7    1 -0.0482452954 -0.0047208229 
    2    1    2    0    0    0    0    0 -0.0053431707 -0.0012443714 
    2    1    2    0    0    0    0    1 0.0607992694 -0.0210083597 
    2    1    2    0    0    1    0    0 -0.0415942411 0.0050454608 
    2    1    2    0    0    1    0    1 -0.0807146762 -0.0057928511 
    2    1    2    0    1    0    1    0 -0.0444101639 0.0023663001 
    2    1    2    0    1    0    1    1 -0.1302426002 0.0057406950 
    2    1    2    0    1    1    1    0 0.1186101124 0.0070283791 
    2    1    2    0    1    1    1    1 -0.0416476830 -0.0094035226 
    2    1    2    0    2    0    2    0 -0.0860578469 -0.0070372225 
    2    1    2    0    2    0    2    1 0.6021850843 0.0000000000 
    2    1    2    0    2    1    2    0 0.0000000000 0.0000000000 
    2    1    2    0    2    1    2    1 0.0000000000 0.0000000000 
    2    1    2    0    3    0    3    0 -0.0476908202 0.0530574981 
    2    1    2    0    3    0    3    1 -0.1813968381 0.0115479606 
    2    1    2    0    3    1    3    0 -0.0574881099 -0.0102602755 
    2    1    2    0    3    1    3    1 -0.0383670267 -0.0600947207 
    2    1    2    0    4    0    4    0 -0.0454156250 -0.0101459335 
    2    1    2    0    4    0    4    1 0.0191792746 0.0327049516 
    2    1    2    0    4    1    4    0 0.0115760360 -0.0062522947 
    2    1    2    0    4    1    4    1 -0.0406422219 0.0031087109 
    2    1    2    0    5    0    5    0 -0.0807314491 0.0033052135 
    2    1    2    0    5    0    5    1 -0.0724176446 -0.0130071430 
    2    1    2    0    5    1    5    0 0.0358522899 -0.0159987756 
    2    1    2    0    5    1    5    1 -0.0053263978 -0.0103424361 
    2    1    2    0    6    0    6    0 -0.0378835436 -0.0017553038 
    2    1    2    0    6    0    6    1 0.0284857704 -0.0143312800 
    2    1    2    0    6    1    6    0 -0.0625496481 0.0143776512 
    2    1    2    0    6    1    6    1 -0.0481743033 -0.0052819187 
    2    1    2    0    7    0    7    0 -0.0378125515 -0.0117580454 
    2    1    2    0    7    0    7    1 0.0241007293 -0.0451986616 
    2    1    2    0    7    1    7    0 0.0214580057 0.0094817951 
    2    1    2    0    7    1    7    1 -0.0482452954 0.0047208229 
    2    1    2    1    0    0    0    0 0.3033787619 0.0000000000 
    2    1    2    1    0    0    0    1 0.0064596823 0.1090244789 
    2    1    2    1    0    1    0    0 0.0064596823 -0.1090244789 
    2    1    2    1    0    1    0    1 0.2988063224 0.0000000000 
    2    1    2    1    1    0    1    0 0.3312599501 0.0000000000 
    2    1    2    1    1    0    1    1 -0.0074648109 -0.0117894561 
    2    1    2    1    1    1    1    0 -0.0074648109 0.0117894561 
    2    1    2    1    1    1    1    1 0.2709251342 0.0000000000 
    2    1    2    1    2    0    2    0 0.0000000000 0.0000000000 
    2    1    2    1    2    0    2    1 0.0000000000 0.0000000000 
    2    1    2    1    2    1    2    0 -0.0860578469 -0.0070372225 
    2    1    2    1    2    1    2    1 0.6021850843 0.0000000000 
    2    1    2    1    3    0    3    0 0.3099669411 0.0000000000 
    2    1    2    1    3    0    3    1 0.0410287925 -0.1368923883 
    2    1    2    1    3    1    3    0 0.0410287925 0.1368923883 
    2    1    2    1    3    1    3    1 0.2922181432 0.0000000000 
    2    1    2    1    4    0    4    0 0.2757952669 0.0000000000 
    2    1    2    1    4    0    4    1 0.0087282108 -0.0559425849 
    2    1    2    1    4    1    4    0 0.0087282108 0.0559425849 
    2    1    2    1    4    1    4    1 0.3263898173 0.0000000000 
    2    1    2    1    5    0    5    0 0.2962331313 0.0000000000 
    2    1    2    1    5    0    5    1 -0.0085734296 -0.0494814863 
    2    1    2    1    5    1    5    0 -0.0085734296 0.0494814863 
    2    1    2    1    5    1    5    1 0.3059519530 0.0000000000 
    2    1    2    1    6    0    6    0 0.3243808823 0.0000000000 
    2    1    2    1    6    0    6    1 0.0339428034 0.0521965840 
    2    1    2    1    6    1    6    0 0.0339428034 -0.0521965840 
    2    1    2    1    6    1    6    1 0.2778042020 0.0000000000 
    2    1    2    1    7    0    7    0 0.4678819591 0.0000000000 
    2    1    2    1    7    0    7    1 -0.0318889174 0.0511308766 
    2    1    2    1    7    1    7    0 -0.0318889174 -0.0511308766 
    2    1    2    1    7    1    7    1 0.1343031252 0.0000000000 
    3    0    3    0    0    0    0    0 0.1923123053 0.0000000000 
    3    0    3    0    0    0    0    1 0.0376769422 0.0487478991 
    3    0    3    0    0    1    0    0 0.0376769422 -0.0487478991 
    3    0    3    0    0    1    0    1 0.2660194297 0.0000000000 
    3    0    3    0    1    0    1    0 0.2750736797 0.0000000000 
    3    0    3    0    1    0    1    1 -0.0037540960 -0.0053133289 
    3    0    3    0    1    1    1    0 -0.0037540960 0.0053133289 
    3    0    3    0    1    1    1    1 0.1832580553 0.0000000000 
    3    0    3    0    2    0    2    0 0.1483647939 0.0000000000 
    3    0    3    0    2    0    2    1 -0.0476908202 -0.0530574981 
    3    0    3    0    2    1    2    0 -0.0476908202 0.0530574981 
    3    0    3    0    2    1    2    1 0.3099669411 0.0000000000 
    3    0    3    0    3    0    3    0 0.4583317350 0.0000000000 
    3    0    3    0    3    0    3    1 0.0924903316 -0.0960211918 
    3    0    3    0    3    1    3    0 0.0000000000 0.0000000000 
    3    0    3    0    3    1    3    1 0.0000000000 0.0000000000 
    3    0    3    0    4    0    4    0 0.1822745896 0.0000000000 
    3    0    3    0    4    0    4    1 0.0111987616 0.0163686353 
    3    0    3    0    4    1    4    0 0.0111987616 -0.0163686353 
    3    0    3    0    4    1    4    1 0.2760571454 0.0000000000 
    3    0    3    0    5    0    5    0 0.2532111875 0.0000000000 
    3    0    3    0    5    0    5    1 -0.0062824574 0.0101266193 
    3    0    3    0    5    1    5    0 -0.0062824574 -0.0101266193 
    3    0    3    0    5    1    5    1 0.2051205475 0.0000000000 
    3    0    3    0    6    0    6    0 0.1492199623 0.0000000000 
    3    0    3    0    6    0    6    1 0.0318635742 -0.0028289403 
    3    0    3    0    6    1    6    0 0.0318635742 0.0028289403 
    3    0    3    0    6    1    6    1 0.3091117727 0.0000000000 
    3    0    3    0    7    0    7    0 0.2781812701 0.0000000000 
    3    0    3    0    7    0    7    1 -0.0283811588 0.0026196898 
    3    0    3    0    7    1    7    0 -0.0283811588 -0.0026196898 
    3    0    3    0    7    1    7    1 0.1801504649 0.0000000000 
    3    0    3    1    0    0    0    0 -0.0078467690 -0.0535025140 
    3    0    3    1    0    0    0    1 0.1293929502 0.0231217232 
    3    0    3    1    0    1    0    0 -0.1775244890 0.0013134884 
    3    0    3    1    0    1    0    1 0.1003371006 -0.0425186777 
    3    0    3    1    1    0    1    0 0.0438584650 -0.0335849000 
    3    0    3    1    1    0    1    1 -0.0415942415 -0.0118486503 
    3    0    3    1    1    1    1    0 0.0607992684 -0.0145095226 
    3    0    3    1    1    1    1    1 0.0486318666 -0.0624362918 
    3    0    3    1    2    0    2    0 0.0514615391 0.0408711965 
    3    0    3    1    2    0    2    1 -0.0574881099 0.0102602755 
    3    0    3    1    2    1    2    0 -0.1813968381 0.0115479606 
    3    0    3    1    2    1    2    1 0.0410287925 -0.1368923883 
    3    0    3    1    3    0    3    0 0.0000000000 0.0000000000 
    3    0    3    1    3    0    3    1 0.0000000000 0.0000000000 
    3    0    3    1    3    1    3    0 0.4583317350 0.0000000000 
    3    0    3    1    3    1    3    1 0.0924903316 -0.0960211918 
    3    0    3    1    4    0    4    0 0.0519649035 -0.0613283344 
    3    0    3    1    4    0    4    1 -0.0649384706 0.0132294774 
    3    0    3    1    4    1    4    0 0.0283731168 0.0530611533 
    3    0    3    1    4    1    4    1 0.0405254281 -0.0346928574 
    3    0    3    1    5    0    5    0 0.0839309188 -0.0417647792 
    3    0    3    1    5    0    5    1 -0.0188186730 -0.0529867602 
    3    0    3    1    5    1    5    0 0.0495739833 -0.0242778284 
    3    0    3    1    5    1    5    1 0.0085594128 -0.0542564126 
    3    0    3    1    6    0    6    0 0.0415832688 -0.0437633320 
    3    0    3    1    6    0    6    1 0.0400548210 -0.0031392769 
    3    0    3    1    6    1    6    0 -0.0304897504 -0.0814666777 
    3    0    3    1    6    1    6    1 0.0509070628 -0.0522578597 
    3    0    3    1    7    0    7    0 0.0404315627 -0.1125344395 
    3    0    3    1    7    0    7    1 0.0284857693 0.0402744833 
    3    0    3    1    7    1    7    0 -0.0625496475 0.0013172362 
    3    0    3    1    7    1    7    1 0.0520587689 0.0165132478 
    3    1    3    0    0    0    0    0 -0.0078467690 0.0535025140 
    3    1    3    0    0    0    0    1 -0.1775244890 -0.0013134884 
    3    1    3    0    0    1    0    0 0.1293929502 -0.0231217232 
    3    1    3    0    0    1    0    1 0.1003371006 0.0425186777 
    3    1    3    0    1    0    1    0 0.0438584650 0.0335849000 
    3    1    3    0    1    0    1    1 0.0607992684 0.0145095226 
    3    1    3    0    1    1    1    0 -0.0415942415 0.0118486503 
    3    1    3    0    1    1    1    1 0.0486318666 0.0624362918 
    3    1    3    0    2    0    2    0 0.0514615391 -0.0408711965 
    3    1    3    0    2    0    2    1 -0.1813968381 -0.0115479606 
    3    1    3    0    2    1    2    0 -0.0574881099 -0.0102602755 
    3    1    3    0    2    1    2    1 0.0410287925 0.1368923883 
    3    1    3    0    3    0    3    0 0.0924903316 0.0960211918 
    3    1    3    0    3    0    3    1 0.5416682650 0.0000000000 
    3    1    3    0    3    1    3    0 0.0000000000 0.0000000000 
    3    1    3    0    3    1    3    1 0.0000000000 0.0000000000 
    3    1    3    0    4    0    4    0 0.0519649035 0.0613283344 
    3    1    3    0    4    0    4    1 0.0283731168 -0.0530611533 
    3    1    3    0    4    1    4    0 -0.0649384706 -0.0132294774 
    3    1    3    0    4    1    4    1 0.0405254281 0.0346928574 
    3    1    3    0    5    0    5    0 0.0839309188 0.0417647792 
    3    1    3    0    5    0    5    1 0.0495739833 0.0242778284 
    3    1    3    0    5    1    5    0 -0.0188186730 0.0529867602 
    3    1    3    0    5    1    5    1 0.0085594128 0.0542564126 
    3    1    3    0    6    0    6    0 0.0415832688 0.0437633320 
    3    1    3    0    6    0    6    1 -0.0304897504 0.0814666777 
    3    1    3    0    6    1    6    0 0.0400548210 0.0031392769 
    3    1    3    0    6    1    6    1 0.0509070628 0.0522578597 
    3    1    3    0    7    0    7    0 0.0404315627 0.1125344395 
    3    1    3    0    7    0    7    1 -0.0625496475 -0.0013172362 
    3    1    3    0    7    1    7    0 0.0284857693 -0.0402744833 
    3    1    3    0    7    1    7    1 0.0520587689 -0.0165132478 
    3    1    3    1    0    0    0    0 0.2944874074 0.0000000000 
    3    1    3    1    0    0    0    1 -0.0350916260 0.0402533707 
    3    1    3    1    0    1    0    0 -0.0350916260 -0.0402533707 
    3    1    3    1    0    1    0    1 0.2471808576 0.0000000000 
    3    1    3    1    1    0    1    0 0.2989692207 0.0000000000 
    3    1    3    1    1    0    1    1 -0.0010502842 -0.0017867157 
    3    1    3    1    1    1    1    0 -0.0010502842 0.0017867157 
    3    1    3    1    1    1    1    1 0.2426990444 0.0000000000 
    3    1    3    1    2    0    2    0 0.2494501219 0.0000000000 
    3    1    3    1    2    0    2    1 -0.0383670267 0.0600947207 
    3    1    3    1    2    1    2    0 -0.0383670267 -0.0600947207 
    3    1    3    1    2    1    2    1 0.2922181432 0.0000000000 
    3    1    3    1    3    0    3    0 0.0000000000 0.0000000000 
    3    1    3    1    3    0    3    1 0.0000000000 0.0000000000 
    3    1    3    1    3    1    3    0 0.0924903316 0.0960211918 
    3    1    3    1    3    1    3    1 0.5416682650 0.0000000000 
    3    1    3    1    4    0    4    0 0.2455567518 0.0000000000 
    3    1    3    1    4    0    4    1 0.0079278529 -0.0174432642 
    3    1    3    1    4    1    4    0 0.0079278529 0.0174432642 
    3    1    3    1    4    1    4    1 0.2961115132 0.0000000000 
    3    1    3    1    5    0    5    0 0.2548105963 0.0000000000 
    3    1    3    1    5    0    5    1 -0.0148947317 -0.0498482254 
    3    1    3    1    5    1    5    0 -0.0148947317 0.0498482254 
    3    1    3    1    5    1    5    1 0.2868576687 0.0000000000 
    3    1    3    1    6    0    6    0 0.3969502307 0.0000000000 
    3    1    3    1    6    0    6    1 0.0424837346 0.0464549145 
    3    1    3    1    6    1    6    0 0.0424837346 -0.0464549145 
    3    1    3    1    6    1    6    1 0.1447180343 0.0000000000 
    3    1    3    1    7    0    7    0 0.3202560220 0.0000000000 
    3    1    3    1    7    0    7    1 -0.0412418790 -0.0020082260 
    3    1    3    1    7    1    7    0 -0.0412418790 0.0020082260 
    3    1    3    1    7    1    7    1 0.2214122431 0.0000000000 
    4    0    4    0    0    0    0    0 0.2044612846 0.0000000000 
    4    0    4    0    0    0    0    1 -0.0034479633 0.0589263312 
    4    0    4    0    0    1    0    0 -0.0034479633 -0.0589263312 
    4    0    4    0    0    1    0    1 0.2233700568 0.0000000000 
    4    0    4    0    1    0    1    0 0.1282678326 0.0000000000 
    4    0    4    0    1    0    1    1 0.0017088914 -0.0094349342 
    4    0    4    0    1    1    1    0 0.0017088914 0.0094349342 
    4    0    4    0    1    1    1    1 0.2995635088 0.0000000000 
    4    0    4    0    2    0    2    0 0.1520360745 0.0000000000 
    4    0    4    0    2    0    2    1 -0.0454156250 0.0101459335 
    4    0    4    0    2    1    2    0 -0.0454156250 -0.0101459335 
    4    0    4    0    2    1    2    1 0.2757952669 0.0000000000 
    4    0    4    0    3    0    3    0 0.1822745896 0.0000000000 
    4    0    4    0    3    0    3    1 0.0519649035 -0.0613283344 
    4    0    4    0    3    1    3    0 0.0519649035 0.0613283344 
    4    0    4    0    3    1    3    1 0.2455567518 0.0000000000 
    4    0    4    0    4    0    4    0 0.4278313414 0.0000000000 
    4    0    4    0    4    0    4    1 0.0191266145 -0.0010746289 
    4    0    4    0    4    1    4    0 0.0000000000 0.0000000000 
    4    0    4    0    4    1    4    1 0.0000000000 0.0000000000 
    4    0    4    0    5    0    5    0 0.2493882785 0.0000000000 
    4    0    4    0    5    0    5    1 -0.0125639399 -0.0380756840 
    4    0    4    0    5    1    5    0 -0.0125639399 0.0380756840 
    4    0    4    0    5    1    5    1 0.1784430630 0.0000000000 
    4    0    4    0    6    0    6    0 0.2458871297 0.0000000000 
    4    0    4    0    6    0    6    1 0.0390034152 0.0271731212 
    4    0    4    0    6    1    6    0 0.0390034152 -0.0271731212 
    4    0    4    0    6    1    6    1 0.1819442117 0.0000000000 
    4    0    4    0    7    0    7    0 0.2747930401 0.0000000000 
    4    0    4    0    7    0    7    1 -0.0366135383 0.0069352717 
    4    0    4    0    7    1    7    0 -0.0366135383 -0.0069352717 
    4    0    4    0    7    1    7    1 0.1530383013 0.0000000000 
    4    0    4    1    0    0    0    0 0.0210890733 -0.0122263235 
    4    0    4    1    0    0    0    1 0.0182361655 -0.0401610714 
    4    0    4    1    0    1    0    0 -0.0727992534 0.0371035162 
    4    0    4    1    0    1    0    1 -0.0019624588 0.0111516946 
    4    0    4    1    1    0    1    0 0.0075879617 0.0060922255 
    4    0    4    1    1    0    1    1 0.0277291636 0.0071910428 
    4    0    4    1    1    1    1    0 0.0425095536 -0.0271110106 
    4    0    4    1    1    1    1    1 0.0115386528 -0.0071668544 
    4    0    4    1    2    0    2    0 0.0103984037 0.0548679560 
    4    0    4    1    2    0    2    1 0.0115760360 0.0062522947 
    4    0    4    1    2    1    2    0 0.0191792746 0.0327049516 
    4    0    4    1    2    1    2    1 0.0087282108 -0.0559425849 
    4    0    4    1    3    0    3    0 0.0111987616 0.0163686353 
    4    0    4    1    3    0    3    1 -0.0649384706 0.0132294774 
    4    0    4    1    3    1    3    0 0.0283731168 -0.0530611533 
    4    0    4    1    3    1    3    1 0.0079278529 -0.0174432642 
    4    0    4    1    4    0    4    0 0.0000000000 0.0000000000 
    4    0    4    1    4    0    4    1 0.0000000000 0.0000000000 
    4    0    4    1    4    1    4    0 0.4278313414 0.0000000000 
    4    0    4    1    4    1    4    1 0.0191266145 -0.0010746289 
    4    0    4    1    5    0    5    0 -0.0009956096 0.0207620077 
    4    0    4    1    5    0    5    1 -0.1616698454 -0.0116173622 
    4    0    4    1    5    1    5    0 -0.0466590931 -0.0199929932 
    4    0    4    1    5    1    5    1 0.0201222241 -0.0218366365 
    4    0    4    1    6    0    6    0 0.0138694444 0.0017766438 
    4    0    4    1    6    0    6    1 0.0482107444 0.0032161549 
    4    0    4    1    6    1    6    0 -0.0452348973 0.0139841889 
    4    0    4    1    6    1    6    1 0.0052571701 -0.0028512727 
    4    0    4    1    7    0    7    0 0.0100665835 -0.0513624601 
    4    0    4    1    7    0    7    1 0.1278043059 -0.0239376590 
    4    0    4    1    7    1    7    0 -0.1198977069 0.0076726984 
    4    0    4    1    7    1    7    1 0.0090600311 0.0502878312 
    4    1    4    0    0    0    0    0 0.0210890733 0.0122263235 
    4    1    4    0    0    0    0    1 -0.0727992534 -0.0371035162 
    4    1    4    0    0    1    0    0 0.0182361655 0.0401610714 
    4    1    4    0    0    1    0    1 -0.0019624588 -0.0111516946 
    4    1    4    0    1    0    1    0 0.0075879617 -0.0060922255 
    4    1    4    0    1    0    1    1 0.0425095536 0.0271110106 
    4    1    4    0    1    1    1    0 0.0277291636 -0.0071910428 
    4    1    4    0    1    1    1    1 0.0115386528 0.0071668544 
    4    1    4    0    2    0    2    0 0.0103984037 -0.0548679560 
    4    1    4    0    2    0    2    1 0.0191792746 -0.0327049516 
    4    1    4    0    2    1    2    0 0.0115760360 -0.0062522947 
    4    1    4    0    2    1    2    1 0.0087282108 0.0559425849 
    4    1    4    0    3    0    3    0 0.0111987616 -0.0163686353 
    4    1    4    0    3    0    3    1 0.0283731168 0.0530611533 
    4    1    4    0    3    1    3    0 -0.0649384706 -0.0132294774 
    4    1    4    0    3    1    3    1 0.0079278529 0.0174432642 
    4    1    4    0    4    0    4    0 0.0191266145 0.0010746289 
    4    1    4    0    4    0    4    1 0.5721686586 0.0000000000 
    4    1    4    0    4    1    4    0 0.0000000000 0.0000000000 
    4    1    4    0    4    1    4    1 0.0000000000 0.0000000000 
    4    1    4    0    5    0    5    0 -0.0009956096 -0.0207620077 
    4    1    4    0    5    0    5    1 -0.0466590931 0.0199929932 
    4    1    4    0    5    1    5    0 -0.1616698454 0.0116173622 
    4    1    4    0    5    1    5    1 0.0201222241 0.0218366365 
    4    1    4    0    6    0    6    0 0.0138694444 -0.0017766438 
    4    1    4    0    6    0    6    1 -0.0452348973 -0.0139841889 
    4    1    4    0    6    1    6    0 0.0482107444 -0.0032161549 
    4    1    4    0    6    1    6    1 0.0052571701 0.0028512727 
    4    1    4    0    7    0    7    0 0.0100665835 0.0513624601 
    4    1    4    0    7    0    7    1 -0.1198977069 -0.0076726984 
    4    1    4    0    7    1    7    0 0.1278043059 0.0239376590 
    4    1    4    0    7    1    7    1 0.0090600311 -0.0502878312 
    4    1    4    1    0    0    0    0 0.2823384281 0.0000000000 
    4    1    4    1    0    0    0    1 0.0060332795 0.0300749386 
    4    1    4    1    0    1    0    0 0.0060332795 -0.0300749386 
    4    1    4    1    0    1    0    1 0.2898302305 0.0000000000 
    4    1    4    1    1    0    1    0 0.4457750677 0.0000000000 
    4    1    4    1    1    0    1    1 -0.0065132716 0.0023348897 
    4    1    4    1    1    1    1    0 -0.0065132716 -0.0023348897 
    4    1    4    1    1    1    1    1 0.1263935909 0.0000000000 
    4    1    4    1    2    0    2    0 0.2457788412 0.0000000000 
    4    1    4    1    2    0    2    1 -0.0406422219 -0.0031087109 
    4    1    4    1    2    1    2    0 -0.0406422219 0.0031087109 
    4    1    4    1    2    1    2    1 0.3263898173 0.0000000000 
    4    1    4    1    3    0    3    0 0.2760571454 0.0000000000 
    4    1    4    1    3    0    3    1 0.0405254281 -0.0346928574 
    4    1    4    1    3    1    3    0 0.0405254281 0.0346928574 
    4    1    4    1    3    1    3    1 0.2961115132 0.0000000000 
    4    1    4    1    4    0    4    0 0.0000000000 0.0000000000 
    4    1    4    1    4    0    4    1 0.0000000000 0.0000000000 
    4    1    4    1    4    1    4    0 0.0191266145 0.0010746289 
    4    1    4    1    4    1    4    1 0.5721686586 0.0000000000 
    4    1    4    1    5    0    5    0 0.2586335053 0.0000000000 
    4    1    4    1    5    0    5    1 -0.0086132493 -0.0016459220 
    4    1    4    1    5    1    5    0 -0.0086132493 0.0016459220 
    4    1    4    1    5    1    5    1 0.3135351533 0.0000000000 
    4    1    4    1    6    0    6    0 0.3002830633 0.0000000000 
    4    1    4    1    6    0    6    1 0.0353438936 0.0164528529 
    4    1    4    1    6    1    6    0 0.0353438936 -0.0164528529 
    4    1    4    1    6    1    6    1 0.2718855953 0.0000000000 
    4    1    4    1    7    0    7    0 0.3236442519 0.0000000000 
    4    1    4    1    7    0    7    1 -0.0330094994 -0.0063238080 
    4    1    4    1    7    1    7    0 -0.0330094994 0.0063238080 
    4    1    4    1    7    1    7    1 0.2485244067 0.0000000000 
    5    0    5    0    0    0    0    0 0.1233191478 0.0000000000 
    5    0    5    0    0    0    0    1 -0.0017560678 0.0390087177 
    5    0    5    0    0    1    0    0 -0.0017560678 -0.0390087177 
    5    0    5    0    0    1    0    1 0.3847026359 0.0000000000 
    5    0    5    0    1    0    1    0 0.2881780995 0.0000000000 
    5    0    5    0    1    0    1    1 0.0011771746 -0.0058242623 
    5    0    5    0    1    1    1    0 0.0011771746 0.0058242623 
    5    0    5    0    1    1    1    1 0.2198436842 0.0000000000 
    5    0    5    0    2    0    2    0 0.2117886525 0.0000000000 
    5    0    5    0    2    0    2    1 -0.0807314491 -0.0033052135 
    5    0    5    0    2    1    2    0 -0.0807314491 0.0033052135 
    5    0    5    0    2    1    2    1 0.2962331313 0.0000000000 
    5    0    5    0    3    0    3    0 0.2532111875 0.0000000000 
    5    0    5    0    3    0    3    1 0.0839309188 -0.0417647792 
    5    0    5    0    3    1    3    0 0.0839309188 0.0417647792 
    5    0    5    0    3    1    3    1 0.2548105963 0.0000000000 
    5    0    5    0    4    0    4    0 0.2493882785 0.0000000000 
    5    0    5    0    4    0    4    1 -0.0009956096 0.0207620077 
    5    0    5    0    4    1    4    0 -0.0009956096 -0.0207620077 
    5    0    5    0    4    1    4    1 0.2586335053 0.0000000000 
    5    0    5    0    5    0    5    0 0.5080217837 0.0000000000 
    5    0    5    0    5    0    5    1 -0.0211771891 -0.0397216060 
    5    0    5    0    5    1    5    0 0.0000000000 0.0000000000 
    5    0    5    0    5    1    5    1 0.0000000000 0.0000000000 
    5    0    5    0    6    0    6    0 0.2516472532 0.0000000000 
    5    0    5    0    6    0    6    1 0.0544720075 0.0233329072 
    5    0    5    0    6    1    6    0 0.0544720075 -0.0233329072 
    5    0    5    0    6    1    6    1 0.2563745306 0.0000000000 
    5    0    5    0    7    0    7    0 0.2943431752 0.0000000000 
    5    0    5    0    7    0    7    1 -0.0443355563 -0.0113832779 
    5    0    5    0    7    1    7    0 -0.0443355563 0.0113832779 
    5    0    5    0    7    1    7    1 0.2136786086 0.0000000000 
    5    0    5    1    0    0    0    0 -0.0211475104 -0.0183408826 
    5    0    5    1    0    0    0    1 0.0463259787 0.0139235965 
    5    0    5    1    0    1    0    0 -0.0120809267 -0.1128590178 
    5    0    5    1    0    1    0    1 -0.0000296787 -0.0213807234 
    5    0    5    1    1    0    1    0 -0.0082773092 -0.0145006706 
    5    0    5    1    1    0    1    1 -0.0727992521 -0.0031634873 
    5    0    5    1    1    1    1    0 0.0182361639 0.0232891721 
    5    0    5    1    1    1    1    1 -0.0128998800 -0.0252209355 
    5    0    5    1    2    0    2    0 -0.0126037595 0.0097598803 
    5    0    5    1    2    0    2    1 0.0358522899 0.0159987756 
    5    0    5    1    2    1    2    0 -0.0724176446 -0.0130071430 
    5    0    5    1    2    1    2    1 -0.0085734296 -0.0494814863 
    5    0    5    1    3    0    3    0 -0.0062824574 0.0101266193 
    5    0    5    1    3    0    3    1 -0.0188186730 -0.0529867602 
    5    0    5    1    3    1    3    0 0.0495739833 0.0242778284 
    5    0    5    1    3    1    3    1 -0.0148947317 -0.0498482254 
    5    0    5    1    4    0    4    0 -0.0125639399 -0.0380756840 
    5    0    5    1    4    0    4    1 -0.1616698454 -0.0116173622 
    5    0    5    1    4    1    4    0 -0.0466590931 0.0199929932 
    5    0    5    1    4    1    4    1 -0.0086132493 -0.0016459220 
    5    0    5    1    5    0    5    0 0.0000000000 0.0000000000 
    5    0    5    1    5    0    5    1 0.0000000000 0.0000000000 
    5    0    5    1    5    1    5    0 0.5080217837 0.0000000000 
    5    0    5    1    5    1    5    1 -0.0211771891 -0.0397216060 
    5    0    5    1    6    0    6    0 -0.0253439536 -0.0445027297 
    5    0    5    1    6    0    6    1 0.1195709189 0.0236597486 
    5    0    5    1    6    1    6    0 -0.1481633661 0.0152841188 
    5    0    5    1    6    1    6    1 0.0041667644 0.0047811237 
    5    0    5    1    7    0    7    0 -0.0097534982 -0.0502444008 
    5    0    5    1    7    0    7    1 0.0482107431 -0.0042175635 
    5    0    5    1    7    1    7    0 -0.0452348972 -0.0384709903 
    5    0    5    1    7    1    7    1 -0.0114236910 0.0105227947 
    5    1    5    0    0    0    0    0 -0.0211475104 0.0183408826 
    5    1    5    0    0    0    0    1 -0.0120809267 0.1128590178 
    5    1    5    0    0    1    0    0 0.0463259787 -0.0139235965 
    5    1    5    0    0    1    0    1 -0.0000296787 0.0213807234 
    5    1    5    0    1    0    1    0 -0.0082773092 0.0145006706 
    5    1    5    0    1    0    1    1 0.0182361639 -0.0232891721 
    5    1    5    0    1    1    1    0 -0.0727992521 0.0031634873 
    5    1    5    0    1    1    1    1 -0.0128998800 0.0252209355 
    5    1    5    0    2    0    2    0 -0.0126037595 -0.0097598803 
    5    1    5    0    2    0    2    1 -0.0724176446 0.0130071430 
    5    1    5    0    2    1    2    0 0.0358522899 -0.0159987756 
    5    1    5    0    2    1    2    1 -0.0085734296 0.0494814863 
    5    1    5    0    3    0    3    0 -0.0062824574 -0.0101266193 
    5    1    5    0    3    0    3    1 0.0495739833 -0.0242778284 
    5    1    5    0    3    1    3    0 -0.0188186730 0.0529867602 
    5    1    5    0    3    1    3    1 -0.0148947317 0.0498482254 
    5    1    5    0    4    0    4    0 -0.0125639399 0.0380756840 
    5    1    5    0    4    0    4    1 -0.0466590931 -0.0199929932 
    5    1    5    0    4    1    4    0 -0.1616698454 0.0116173622 
    5    1    5    0    4    1    4    1 -0.0086132493 0.0016459220 
    5    1    5    0    5    0    5    0 -0.0211771891 0.0397216060 
    5    1    5    0    5    0    5    1 0.4919782163 0.0000000000 
    5    1    5    0    5    1    5    0 0.0000000000 0.0000000000 
    5    1    5    0    5    1    5    1 0.0000000000 0.0000000000 
    5    1    5    0    6    0    6    0 -0.0253439536 0.0445027297 
    5    1    5    0    6    0    6    1 -0.1481633661 -0.0152841188 
    5    1    5    0    6    1    6    0 0.1195709189 -0.0236597486 
    5    1    5    0    6    1    6    1 0.0041667644 -0.0047811237 
    5    1    5    0    7    0    7    0 -0.0097534982 0.0502444008 
    5    1    5    0    7    0    7    1 -0.0452348972 0.0384709903 
    5    1    5    0    7    1    7    0 0.0482107431 0.0042175635 
    5    1    5    0    7    1    7    1 -0.0114236910 -0.0105227947 
    5    1    5    1    0    0    0    0 0.3634805649 0.0000000000 
    5    1    5    1    0    0    0    1 0.0043413839 0.0499925521 
    5    1    5    1    0    1    0    0 0.0043413839 -0.0499925521 
    5    1    5    1    0    1    0    1 0.1284976514 0.0000000000 
    5    1    5    1    1    0    1    0 0.2858648008 0.0000000000 
    5    1    5    1    1    0    1    1 -0.0059815548 -0.0012757823 
    5    1    5    1    1    1    1    0 -0.0059815548 0.0012757823 
    5    1    5    1    1    1    1    1 0.2061134154 0.0000000000 
    5    1    5    1    2    0    2    0 0.1860262633 0.0000000000 
    5    1    5    1    2    0    2    1 -0.0053263978 0.0103424361 
    5    1    5    1    2    1    2    0 -0.0053263978 -0.0103424361 
    5    1    5    1    2    1    2    1 0.3059519530 0.0000000000 
    5    1    5    1    3    0    3    0 0.2051205475 0.0000000000 
    5    1    5    1    3    0    3    1 0.0085594128 -0.0542564126 
    5    1    5    1    3    1    3    0 0.0085594128 0.0542564126 
    5    1    5    1    3    1    3    1 0.2868576687 0.0000000000 
    5    1    5    1    4    0    4    0 0.1784430630 0.0000000000 
    5    1    5    1    4    0    4    1 0.0201222241 -0.0218366365 
    5    1    5    1    4    1    4    0 0.0201222241 0.0218366365 
    5    1    5    1    4    1    4    1 0.3135351533 0.0000000000 
    5    1    5    1    5    0    5    0 0.0000000000 0.0000000000 
    5    1    5    1    5    0    5    1 0.0000000000 0.0000000000 
    5    1    5    1    5    1    5    0 -0.0211771891 0.0397216060 
    5    1    5    1    5    1    5    1 0.4919782163 0.0000000000 
    5    1    5    1    6    0    6    0 0.2945229398 0.0000000000 
    5    1    5    1    6    0    6    1 0.0198753013 0.0202930670 
    5    1    5    1    6    1    6    0 0.0198753013 -0.0202930670 
    5    1    5    1    6    1    6    1 0.1974552764 0.0000000000 
    5    1    5    1    7    0    7    0 0.3040941169 0.0000000000 
    5    1    5    1    7    0    7    1 -0.0252874815 0.0119947417 
    5    1    5    1    7    1    7    0 -0.0252874815 -0.0119947417 
    5    1    5    1    7    1    7    1 0.1878840993 0.0000000000 
    6    0    6    0    0    0    0    0 0.2865193808 0.0000000000 
    6    0    6    0    0    0    0    1 -0.0000592482 0.0393738816 
    6    0    6    0    0    1    0    0 -0.0000592482 -0.0393738816 
    6    0    6    0    0    1    0    1 0.2596508122 0.0000000000 
    6    0    6    0    1    0    1    0 0.2992996007 0.0000000000 
    6    0    6    0    1    0    1    1 -0.0249245775 0.0391843828 
    6    0    6    0    1    1    1    0 -0.0249245775 -0.0391843828 
    6    0    6    0    1    1    1    1 0.2468705923 0.0000000000 
    6    0    6    0    2    0    2    0 0.2217893107 0.0000000000 
    6    0    6    0    2    0    2    1 -0.0378835436 0.0017553038 
    6    0    6    0    2    1    2    0 -0.0378835436 -0.0017553038 
    6    0    6    0    2    1    2    1 0.3243808823 0.0000000000 
    6    0    6    0    3    0    3    0 0.1492199623 0.0000000000 
    6    0    6    0    3    0    3    1 0.0415832688 -0.0437633320 
    6    0    6    0    3    1    3    0 0.0415832688 0.0437633320 
    6    0    6    0    3    1    3    1 0.3969502307 0.0000000000 
    6    0    6    0    4    0    4    0 0.2458871297 0.0000000000 
    6    0    6    0    4    0    4    1 0.0138694444 0.0017766438 
    6    0    6    0    4    1    4    0 0.0138694444 -0.0017766438 
    6    0    6    0    4    1    4    1 0.3002830633 0.0000000000 
    6    0    6    0    5    0    5    0 0.2516472532 0.0000000000 
    6    0    6    0    5    0    5    1 -0.0253439536 -0.0445027297 
    6    0    6    0    5    1    5    0 -0.0253439536 0.0445027297 
    6    0    6    0    5    1    5    1 0.2945229398 0.0000000000 
    6    0    6    0    6    0    6    0 0.5461701930 0.0000000000 
    6    0    6    0    6    0    6    1 0.0743473088 0.0436259742 
    6    0    6    0    6    1    6    0 0.0000000000 0.0000000000 
    6    0    6    0    6    1    6    1 0.0000000000 0.0000000000 
    6    0    6    0    7    0    7    0 0.3505737925 0.0000000000 
    6    0    6    0    7    0    7    1 -0.0401215981 -0.0307452539 
    6    0    6    0    7    1    7    0 -0.0401215981 0.0307452539 
    6    0    6    0    7    1    7    1 0.1955964005 0.0000000000 
    6    0    6    1    0    0    0    0 0.0276496169 0.0196824676 
    6    0    6    1    0    0    0    1 -0.0495739849 0.0308587032 
    6    0    6    1    0    1    0    0 0.0188186720 -0.0107330181 
    6    0    6    1    0    1    0    1 0.0466976919 0.0239435066 
    6    0    6    1    1    0    1    0 0.0347717031 0.0237433222 
    6    0    6    1    1    0    1    1 0.0699033375 0.0018773941 
    6    0    6    1    1    1    1    0 -0.0383665965 0.0265421690 
    6    0    6    1    1    1    1    1 0.0395756057 0.0198826520 
    6    0    6    1    2    0    2    0 0.0404045055 -0.0085706098 
    6    0    6    1    2    0    2    1 -0.0625496481 -0.0143776512 
    6    0    6    1    2    1    2    0 0.0284857704 -0.0143312800 
    6    0    6    1    2    1    2    1 0.0339428034 0.0521965840 
    6    0    6    1    3    0    3    0 0.0318635742 -0.0028289403 
    6    0    6    1    3    0    3    1 0.0400548210 -0.0031392769 
    6    0    6    1    3    1    3    0 -0.0304897504 0.0814666777 
    6    0    6    1    3    1    3    1 0.0424837346 0.0464549145 
    6    0    6    1    4    0    4    0 0.0390034152 0.0271731212 
    6    0    6    1    4    0    4    1 0.0482107444 0.0032161549 
    6    0    6    1    4    1    4    0 -0.0452348973 -0.0139841889 
    6    0    6    1    4    1    4    1 0.0353438936 0.0164528529 
    6    0    6    1    5    0    5    0 0.0544720075 0.0233329072 
    6    0    6    1    5    0    5    1 0.1195709189 0.0236597486 
    6    0    6    1    5    1    5    0 -0.1481633661 -0.0152841188 
    6    0    6    1    5    1    5    1 0.0198753013 0.0202930670 
    6    0    6    1    6    0    6    0 0.0000000000 0.0000000000 
    6    0    6    1    6    0    6    1 0.0000000000 0.0000000000 
    6    0    6    1    6    1    6    0 0.5461701930 0.0000000000 
    6    0    6    1    6    1    6    1 0.0743473088 0.0436259742 
    6    0    6    1    7    0    7    0 0.0342510535 0.0665439825 
    6    0    6    1    7    0    7    1 -0.1834383238 0.0113394534 
    6    0    6    1    7    1    7    0 -0.0715669104 0.0276044137 
    6    0    6    1    7    1    7    1 0.0400962553 -0.0229180083 
    6    1    6    0    0    0    0    0 0.0276496169 -0.0196824676 
    6    1    6    0    0    0    0    1 0.0188186720 0.0107330181 
    6    1    6    0    0    1    0    0 -0.0495739849 -0.0308587032 
    6    1    6    0    0    1    0    1 0.0466976919 -0.0239435066 
    6    1    6    0    1    0    1    0 0.0347717031 -0.0237433222 
    6    1    6    0    1    0    1    1 -0.0383665965 -0.0265421690 
    6    1    6    0    1    1    1    0 0.0699033375 -0.0018773941 
    6    1    6    0    1    1    1    1 0.0395756057 -0.0198826520 
    6    1    6    0    2    0    2    0 0.0404045055 0.0085706098 
    6    1    6    0    2    0    2    1 0.0284857704 0.0143312800 
    6    1    6    0    2    1    2    0 -0.0625496481 0.0143776512 
    6    1    6    0    2    1    2    1 0.0339428034 -0.0521965840 
    6    1    6    0    3    0    3    0 0.0318635742 0.0028289403 
    6    1    6    0    3    0    3    1 -0.0304897504 -0.0814666777 
    6    1    6    0    3    1    3    0 0.0400548210 0.0031392769 
    6    1    6    0    3    1    3    1 0.0424837346 -0.0464549145 
    6    1    6    0    4    0    4    0 0.0390034152 -0.0271731212 
    6    1    6    0    4    0    4    1 -0.0452348973 0.0139841889 
    6    1    6    0    4    1    4    0 0.0482107444 -0.0032161549 
    6    1    6    0    4    1    4    1 0.0353438936 -0.0164528529 
    6    1    6    0    5    0    5    0 0.0544720075 -0.0233329072 
    6    1    6    0    5    0    5    1 -0.1481633661 0.0152841188 
    6    1    6    0    5    1    5    0 0.1195709189 -0.0236597486 
    6    1    6    0    5    1    5    1 0.0198753013 -0.0202930670 
    6    1    6    0    6    0    6    0 0.0743473088 -0.0436259742 
    6    1    6    0    6    0    6    1 0.4538298070 0.0000000000 
    6    1    6    0    6    1    6    0 0.0000000000 0.0000000000 
    6    1    6    0    6    1    6    1 0.0000000000 0.0000000000 
    6    1    6    0    7    0    7    0 0.0342510535 -0.0665439825 
    6    1    6    0    7    0    7    1 -0.0715669104 -0.0276044137 
    6    1    6    0    7    1    7    0 -0.1834383238 -0.0113394534 
    6    1    6    0    7    1    7    1 0.0400962553 0.0229180083 
    6    1    6    1    0    0    0    0 0.2002803319 0.0000000000 
    6    1    6    1    0    0    0    1 0.0026445644 0.0496273883 
    6    1    6    1    0    1    0    0 0.0026445644 -0.0496273883 
    6    1    6    1    0    1    0    1 0.2535494751 0.0000000000 
    6    1    6    1    1    0    1    0 0.2747432997 0.0000000000 
    6    1    6    1    1    0    1    1 0.0201201973 -0.0462844274 
    6    1    6    1    1    1    1    0 0.0201201973 0.0462844274 
    6    1    6    1    1    1    1    1 0.1790865073 0.0000000000 
    6    1    6    1    2    0    2    0 0.1760256050 0.0000000000 
    6    1    6    1    2    0    2    1 -0.0481743033 0.0052819187 
    6    1    6    1    2    1    2    0 -0.0481743033 -0.0052819187 
    6    1    6    1    2    1    2    1 0.2778042020 0.0000000000 
    6    1    6    1    3    0    3    0 0.3091117727 0.0000000000 
    6    1    6    1    3    0    3    1 0.0509070628 -0.0522578597 
    6    1    6    1    3    1    3    0 0.0509070628 0.0522578597 
    6    1    6    1    3    1    3    1 0.1447180343 0.0000000000 
    6    1    6    1    4    0    4    0 0.1819442117 0.0000000000 
    6    1    6    1    4    0    4    1 0.0052571701 -0.0028512727 
    6    1    6    1    4    1    4    0 0.0052571701 0.0028512727 
    6    1    6    1    4    1    4    1 0.2718855953 0.0000000000 
    6    1    6    1    5    0    5    0 0.2563745306 0.0000000000 
    6    1    6    1    5    0    5    1 0.0041667644 0.0047811237 
    6    1    6    1    5    1    5    0 0.0041667644 -0.0047811237 
    6    1    6    1    5    1    5    1 0.1974552764 0.0000000000 
    6    1    6    1    6    0    6    0 0.0000000000 0.0000000000 
    6    1    6    1    6    0    6    1 0.0000000000 0.0000000000 
    6    1    6    1    6    1    6    0 0.0743473088 -0.0436259742 
    6    1    6    1    6    1    6    1 0.4538298070 0.0000000000 
    6    1    6    1    7    0    7    0 0.2478634996 0.0000000000 
    6    1    6    1    7    0    7    1 -0.0295014397 0.0313567177 
    6    1    6    1    7    1    7    0 -0.0295014397 -0.0313567177 
    6    1    6    1    7    1    7    1 0.2059663074 0.0000000000 
    7    0    7    0    0    0    0    0 0.3014888014 0.0000000000 
    7    0    7    0    0    0    0    1 0.0080935452 0.1116400306 
    7    0    7    0    0    1    0    0 0.0080935452 -0.1116400306 
    7    0    7    0    0    1    0    1 0.2969484906 0.0000000000 
    7    0    7    0    1    0    1    0 0.3254530410 0.0000000000 
    7    0    7    0    1    0    1    1 -0.0075692135 -0.0125522489 
    7    0    7    0    1    1    1    0 -0.0075692135 0.0125522489 
    7    0    7    0    1    1    1    1 0.2729842510 0.0000000000 
    7    0    7    0    2    0    2    0 0.1305553329 0.0000000000 
    7    0    7    0    2    0    2    1 -0.0378125515 0.0117580454 
    7    0    7    0    2    1    2    0 -0.0378125515 -0.0117580454 
    7    0    7    0    2    1    2    1 0.4678819591 0.0000000000 
    7    0    7    0    3    0    3    0 0.2781812701 0.0000000000 
    7    0    7    0    3    0    3    1 0.0404315627 -0.1125344395 
    7    0    7    0    3    1    3    0 0.0404315627 0.1125344395 
    7    0    7    0    3    1    3    1 0.3202560220 0.0000000000 
    7    0    7    0    4    0    4    0 0.2747930401 0.0000000000 
    7    0    7    0    4    0    4    1 0.0100665835 -0.0513624601 
    7    0    7    0    4    1    4    0 0.0100665835 0.0513624601 
    7    0    7    0    4    1    4    1 0.3236442519 0.0000000000 
    7    0    7    0    5    0    5    0 0.2943431752 0.0000000000 
    7    0    7    0    5    0    5    1 -0.0097534982 -0.0502444008 
    7    0    7    0    5    1    5    0 -0.0097534982 0.0502444008 
    7    0    7    0    5    1    5    1 0.3040941169 0.0000000000 
    7    0    7    0    6    0    6    0 0.3505737925 0.0000000000 
    7    0    7    0    6    0    6    1 0.0342510535 0.0665439825 
    7    0    7    0    6    1    6    0 0.0342510535 -0.0665439825 
    7    0    7    0    6    1    6    1 0.2478634996 0.0000000000 
    7    0    7    0    7    0    7    0 0.5984372921 0.0000000000 
    7    0    7    0    7    0    7    1 -0.0696230377 0.0006114638 
    7    0    7    0    7    1    7    0 0.0000000000 0.0000000000 
    7    0    7    0    7    1    7    1 0.0000000000 0.0000000000 
    7    0    7    1    0    0    0    0 -0.0277980787 0.0088657763 
    7    0    7    1    0    0    0    1 -0.0308874260 -0.0022184345 
    7    0    7    1    0    1    0    0 0.0624241635 0.0221269693 
    7    0    7    1    0    1    0    1 -0.0418249590 -0.0082543125 
    7    0    7    1    1    0    1    0 -0.0329817583 -0.0067850470 
    7    0    7    1    1    0    1    1 -0.0191792752 -0.0015519642 
    7    0    7    1    1    1    1    0 -0.0115760369 -0.0015055939 
    7    0    7    1    1    1    1    1 -0.0366412794 0.0073965108 
    7    0    7    1    2    0    2    0 -0.0377341203 -0.0505194128 
    7    0    7    1    2    0    2    1 0.0214580057 -0.0094817951 
    7    0    7    1    2    1    2    0 0.0241007293 -0.0451986616 
    7    0    7    1    2    1    2    1 -0.0318889174 0.0511308766 
    7    0    7    1    3    0    3    0 -0.0283811588 0.0026196898 
    7    0    7    1    3    0    3    1 0.0284857693 0.0402744833 
    7    0    7    1    3    1    3    0 -0.0625496475 -0.0013172362 
    7    0    7    1    3    1    3    1 -0.0412418790 -0.0020082260 
    7    0    7    1    4    0    4    0 -0.0366135383 0.0069352717 
    7    0    7    1    4    0    4    1 0.1278043059 -0.0239376590 
    7    0    7    1    4    1    4    0 -0.1198977069 -0.0076726984 
    7    0    7    1    4    1    4    1 -0.0330094994 -0.0063238080 
    7    0    7    1    5    0    5    0 -0.0443355563 -0.0113832779 
    7    0    7    1    5    0    5    1 0.0482107431 -0.0042175635 
    7    0    7    1    5    1    5    0 -0.0452348972 0.0384709903 
    7    0    7    1    5    1    5    1 -0.0252874815 0.0119947417 
    7    0    7    1    6    0    6    0 -0.0401215981 -0.0307452539 
    7    0    7    1    6    0    6    1 -0.1834383238 0.0113394534 
    7    0    7    1    6    1    6    0 -0.0715669104 -0.0276044137 
    7    0    7    1    6    1    6    1 -0.0295014397 0.0313567177 
    7    0    7    1    7    0    7    0 0.0000000000 0.0000000000 
    7    0    7    1    7    0    7    1 0.0000000000 0.0000000000 
    7    0    7    1    7    1    7    0 0.5984372921 0.0000000000 
    7    0    7    1    7    1    7    1 -0.0696230377 0.0006114638 
    7    1    7    0    0    0    0    0 -0.0277980787 -0.0088657763 
    7    1    7    0    0    0    0    1 0.0624241635 -0.0221269693 
    7    1    7    0    0    1    0    0 -0.0308874260 0.0022184345 
    7    1    7    0    0    1    0    1 -0.0418249590 0.0082543125 
    7    1    7    0    1    0    1    0 -0.0329817583 0.0067850470 
    7    1    7    0    1    0    1    1 -0.0115760369 0.0015055939 
    7    1    7    0    1    1    1    0 -0.0191792752 0.0015519642 
    7    1    7    0    1    1    1    1 -0.0366412794 -0.0073965108 
    7    1    7    0    2    0    2    0 -0.0377341203 0.0505194128 
    7    1    7    0    2    0    2    1 0.0241007293 0.0451986616 
    7    1    7    0    2    1    2    0 0.0214580057 0.0094817951 
    7    1    7    0    2    1    2    1 -0.0318889174 -0.0511308766 
    7    1    7    0    3    0    3    0 -0.0283811588 -0.0026196898 
    7    1    7    0    3    0    3    1 -0.0625496475 0.0013172362 
    7    1    7    0    3    1    3    0 0.0284857693 -0.0402744833 
    7    1    7    0    3    1    3    1 -0.0412418790 0.0020082260 
    7    1    7    0    4    0    4    0 -0.0366135383 -0.0069352717 
    7    1    7    0    4    0    4    1 -0.1198977069 0.0076726984 
    7    1    7    0    4    1    4    0 0.1278043059 0.0239376590 
    7    1    7    0    4    1    4    1 -0.0330094994 0.0063238080 
    7    1    7    0    5    0    5    0 -0.0443355563 0.0113832779 
    7    1    7    0    5    0    5    1 -0.0452348972 -0.0384709903 
    7    1    7    0    5    1    5    0 0.0482107431 0.0042175635 
    7    1    7    0    5    1    5    1 -0.0252874815 -0.0119947417 
    7    1    7    0    6    0    6    0 -0.0401215981 0.0307452539 
    7    1    7    0    6    0    6    1 -0.0715669104 0.0276044137 
    7    1    7    0    6    1    6    0 -0.1834383238 -0.0113394534 
    7    1    7    0    6    1    6    1 -0.0295014397 -0.0313567177 
    7    1    7    0    7    0    7    0 -0.0696230377 -0.0006114638 
    7    1    7    0    7    0    7    1 0.4015627079 0.0000000000 
    7    1    7    0    7    1    7    0 0.0000000000 0.0000000000 
    7    1    7    0    7    1    7    1 0.0000000000 0.0000000000 
    7    1    7    1    0    0    0    0 0.1853109113 0.0000000000 
    7    1    7    1    0    0    0    1 -0.0055082290 -0.0226387608 
    7    1    7    1    0    1    0    0 -0.0055082290 0.0226387608 
    7    1    7    1    0    1    0    1 0.2162517966 0.0000000000 
    7    1    7    1    1    0    1    0 0.2485898593 0.0000000000 
    7    1    7    1    1    0    1    1 0.0027648333 0.0054522043 
    7    1    7    1    1    1    1    0 0.0027648333 -0.0054522043 
    7    1    7    1    1    1    1    1 0.1529728486 0.0000000000 
    7    1    7    1    2    0    2    0 0.2672595828 0.0000000000 
    7    1    7    1    2    0    2    1 -0.0482452954 -0.0047208229 
    7    1    7    1    2    1    2    0 -0.0482452954 0.0047208229 
    7    1    7    1    2    1    2    1 0.1343031252 0.0000000000 
    7    1    7    1    3    0    3    0 0.1801504649 0.0000000000 
    7    1    7    1    3    0    3    1 0.0520587689 0.0165132478 
    7    1    7    1    3    1    3    0 0.0520587689 -0.0165132478 
    7    1    7    1    3    1    3    1 0.2214122431 0.0000000000 
    7    1    7    1    4    0    4    0 0.1530383013 0.0000000000 
    7    1    7    1    4    0    4    1 0.0090600311 0.0502878312 
    7    1    7    1    4    1    4    0 0.0090600311 -0.0502878312 
    7    1    7    1    4    1    4    1 0.2485244067 0.0000000000 
    7    1    7    1    5    0    5    0 0.2136786086 0.0000000000 
    7    1    7    1    5    0    5    1 -0.0114236910 0.0105227947 
    7    1    7    1    5    1    5    0 -0.0114236910 -0.0105227947 
    7    1    7    1    5    1    5    1 0.1878840993 0.0000000000 
    7    1    7    1    6    0    6    0 0.1955964005 0.0000000000 
    7    1    7    1    6    0    6    1 0.0400962553 -0.0229180083 
    7    1    7    1    6    1    6    0 0.0400962553 0.0229180083 
    7    1    7    1    6    1    6    1 0.2059663074 0.0000000000 
    7    1    7    1    7    0    7    0 0.0000000000 0.0000000000 
    7    1    7    1    7    0    7    1 0.0000000000 0.0000000000 
    7    1    7    1    7    1    7    0 -0.0696230377 -0.0006114638 
    7    1    7    1    7    1    7    1 0.4015627079 0.0000000000 
