    Step   Residual-2-norm     Threshold      Energy
        1     8.72208e-01     1.00000e-08           2.60023e-02    -2.86351e-02    -2.00745e-02     7.23287e-03     2.28102e-02
        2     8.31348e-01     1.00000e-08          -5.00469e-01    -4.78369e-01    -4.45309e-01    -3.91639e-01    -3.44283e-01
        3     4.87372e-01     1.19412e-08          -1.19412e+00    -1.13115e+00    -1.06654e+00    -1.00741e+00    -9.20206e-01
        4     3.16063e-01     1.42607e-08          -1.42607e+00    -1.38885e+00    -1.33958e+00    -1.29527e+00    -1.22392e+00
        5     1.84655e-01     1.51955e-08          -1.51955e+00    -1.47645e+00    -1.43459e+00    -1.38647e+00    -1.35314e+00
        6     2.14866e-01     1.56575e-08          -1.56575e+00    -1.52772e+00    -1.46773e+00    -1.41454e+00    -1.39486e+00
        7     2.17942e-01     1.61876e-08          -1.61876e+00    -1.57009e+00    -1.51222e+00    -1.42750e+00    -1.40859e+00
        8     1.54726e-01     1.67298e-08          -1.67298e+00    -1.60223e+00    -1.56450e+00    -1.43951e+00    -1.42130e+00
        9     2.06429e-01     1.70040e-08          -1.70040e+00    -1.61263e+00    -1.59658e+00    -1.46792e+00    -1.43168e+00
       10     1.67982e-01     1.71388e-08          -1.71388e+00    -1.61563e+00    -1.60878e+00    -1.50707e+00    -1.43753e+00
       11     1.58725e-01     1.72228e-08          -1.72228e+00    -1.61682e+00    -1.61357e+00    -1.54212e+00    -1.44141e+00
       12     1.42610e-01     1.72752e-08          -1.72752e+00    -1.61753e+00    -1.61603e+00    -1.57247e+00    -1.44487e+00
       13     9.26362e-02     1.73009e-08          -1.73009e+00    -1.61788e+00    -1.61725e+00    -1.59540e+00    -1.44777e+00
       14     5.57984e-02     1.73130e-08          -1.73130e+00    -1.61801e+00    -1.61783e+00    -1.60810e+00    -1.44972e+00
       15     4.37297e-02     1.73172e-08          -1.73172e+00    -1.61803e+00    -1.61796e+00    -1.61295e+00    -1.45040e+00
       16     3.12085e-02     1.73195e-08          -1.73195e+00    -1.61803e+00    -1.61800e+00    -1.61589e+00    -1.45075e+00
       17     1.92556e-02     1.73202e-08          -1.73202e+00    -1.61803e+00    -1.61802e+00    -1.61718e+00    -1.45096e+00
       18     1.09549e-02     1.73204e-08          -1.73204e+00    -1.61803e+00    -1.61803e+00    -1.61778e+00    -1.45111e+00
       19     8.12597e-03     1.73205e-08          -1.73205e+00    -1.61803e+00    -1.61803e+00    -1.61793e+00    -1.45126e+00
       20     6.63382e-03     1.73205e-08          -1.73205e+00    -1.61803e+00    -1.61803e+00    -1.61798e+00    -1.45136e+00
       21     5.79276e-03     1.73205e-08          -1.73205e+00    -1.61803e+00    -1.61803e+00    -1.61801e+00    -1.45142e+00
       22     5.46702e-03     1.73205e-08          -1.73205e+00    -1.61803e+00    -1.61803e+00    -1.61802e+00    -1.45147e+00
       23     4.09116e-03     1.73205e-08          -1.73205e+00    -1.61803e+00    -1.61803e+00    -1.61803e+00    -1.45150e+00
       24     3.49142e-03     1.73205e-08          -1.73205e+00    -1.61803e+00    -1.61803e+00    -1.61803e+00    -1.45153e+00
       25     3.38746e-03     1.73205e-08          -1.73205e+00    -1.61803e+00    -1.61803e+00    -1.61803e+00    -1.45155e+00
       26     3.26841e-03     1.73205e-08          -1.73205e+00    -1.61803e+00    -1.61803e+00    -1.61803e+00    -1.45156e+00
       27     2.23880e-03     1.73205e-08          -1.73205e+00    -1.61803e+00    -1.61803e+00    -1.61803e+00    -1.45158e+00
       28     1.89706e-03     1.73205e-08          -1.73205e+00    -1.61803e+00    -1.61803e+00    -1.61803e+00    -1.45159e+00
       29     1.63637e-03     1.73205e-08          -1.73205e+00    -1.61803e+00    -1.61803e+00    -1.61803e+00    -1.45159e+00
       30     1.46236e-03     1.73205e-08          -1.73205e+00    -1.61803e+00    -1.61803e+00    -1.61803e+00    -1.45159e+00
       31     1.37301e-03     1.73205e-08          -1.73205e+00    -1.61803e+00    -1.61803e+00    -1.61803e+00    -1.45160e+00
       32     1.12630e-03     1.73205e-08          -1.73205e+00    -1.61803e+00    -1.61803e+00    -1.61803e+00    -1.45160e+00
       33     9.58569e-04     1.73205e-08          -1.73205e+00    -1.61803e+00    -1.61803e+00    -1.61803e+00    -1.45160e+00
       34     8.46885e-04     1.73205e-08          -1.73205e+00    -1.61803e+00    -1.61803e+00    -1.61803e+00    -1.45160e+00
       35     7.18339e-04     1.73205e-08          -1.73205e+00    -1.61803e+00    -1.61803e+00    -1.61803e+00    -1.45160e+00
       36     6.41453e-04     1.73205e-08          -1.73205e+00    -1.61803e+00    -1.61803e+00    -1.61803e+00    -1.45160e+00
       37     5.52351e-04     1.73205e-08          -1.73205e+00    -1.61803e+00    -1.61803e+00    -1.61803e+00    -1.45160e+00
       38     4.48884e-04     1.73205e-08          -1.73205e+00    -1.61803e+00    -1.61803e+00    -1.61803e+00    -1.45160e+00
       39     3.93074e-04     1.73205e-08          -1.73205e+00    -1.61803e+00    -1.61803e+00    -1.61803e+00    -1.45160e+00
       40     3.61739e-04     1.73205e-08          -1.73205e+00    -1.61803e+00    -1.61803e+00    -1.61803e+00    -1.45161e+00
       41     3.25443e-04     1.73205e-08          -1.73205e+00    -1.61803e+00    -1.61803e+00    -1.61803e+00    -1.45161e+00
       42     3.04797e-04     1.73205e-08          -1.73205e+00    -1.61803e+00    -1.61803e+00    -1.61803e+00    -1.45161e+00
       43     2.54696e-04     1.73205e-08          -1.73205e+00    -1.61803e+00    -1.61803e+00    -1.61803e+00    -1.45161e+00
       44     2.38113e-04     1.73205e-08          -1.73205e+00    -1.61803e+00    -1.61803e+00    -1.61803e+00    -1.45161e+00
       45     2.01757e-04     1.73205e-08          -1.73205e+00    -1.61803e+00    -1.61803e+00    -1.61803e+00    -1.45161e+00
       46     1.75790e-04     1.73205e-08          -1.73205e+00    -1.61803e+00    -1.61803e+00    -1.61803e+00    -1.45161e+00
       47     1.59176e-04     1.73205e-08          -1.73205e+00    -1.61803e+00    -1.61803e+00    -1.61803e+00    -1.45161e+00
       48     1.23671e-04     1.73205e-08          -1.73205e+00    -1.61803e+00    -1.61803e+00    -1.61803e+00    -1.45161e+00
       49     1.06849e-04     1.73205e-08          -1.73205e+00    -1.61803e+00    -1.61803e+00    -1.61803e+00    -1.45161e+00
       50     9.78805e-05     1.73205e-08          -1.73205e+00    -1.61803e+00    -1.61803e+00    -1.61803e+00    -1.45161e+00
       51     1.00397e-04     1.73205e-08          -1.73205e+00    -1.61803e+00    -1.61803e+00    -1.61803e+00    -1.45161e+00
       52     8.51882e-05     1.73205e-08          -1.73205e+00    -1.61803e+00    -1.61803e+00    -1.61803e+00    -1.45161e+00
       53     7.40556e-05     1.73205e-08          -1.73205e+00    -1.61803e+00    -1.61803e+00    -1.61803e+00    -1.45161e+00
       54     5.60105e-05     1.73205e-08          -1.73205e+00    -1.61803e+00    -1.61803e+00    -1.61803e+00    -1.45161e+00
       55     5.67288e-05     1.73205e-08          -1.73205e+00    -1.61803e+00    -1.61803e+00    -1.61803e+00    -1.45161e+00
       56     5.05255e-05     1.73205e-08          -1.73205e+00    -1.61803e+00    -1.61803e+00    -1.61803e+00    -1.45161e+00
       57     4.10599e-05     1.73205e-08          -1.73205e+00    -1.61803e+00    -1.61803e+00    -1.61803e+00    -1.45161e+00
       58     3.95315e-05     1.73205e-08          -1.73205e+00    -1.61803e+00    -1.61803e+00    -1.61803e+00    -1.45161e+00
       59     3.97923e-05     1.73205e-08          -1.73205e+00    -1.61803e+00    -1.61803e+00    -1.61803e+00    -1.45161e+00
       60     3.33802e-05     1.73205e-08          -1.73205e+00    -1.61803e+00    -1.61803e+00    -1.61803e+00    -1.45161e+00
       61     3.12355e-05     1.73205e-08          -1.73205e+00    -1.61803e+00    -1.61803e+00    -1.61803e+00    -1.45161e+00
       62     3.08256e-05     1.73205e-08          -1.73205e+00    -1.61803e+00    -1.61803e+00    -1.61803e+00    -1.45161e+00
       63     2.80963e-05     1.73205e-08          -1.73205e+00    -1.61803e+00    -1.61803e+00    -1.61803e+00    -1.45161e+00
       64     2.44618e-05     1.73205e-08          -1.73205e+00    -1.61803e+00    -1.61803e+00    -1.61803e+00    -1.45161e+00
       65     1.73955e-05     1.73205e-08          -1.73205e+00    -1.61803e+00    -1.61803e+00    -1.61803e+00    -1.45161e+00
       66     1.49595e-05     1.73205e-08          -1.73205e+00    -1.61803e+00    -1.61803e+00    -1.61803e+00    -1.45161e+00
       67     1.37451e-05     1.73205e-08          -1.73205e+00    -1.61803e+00    -1.61803e+00    -1.61803e+00    -1.45161e+00
       68     1.31061e-05     1.73205e-08          -1.73205e+00    -1.61803e+00    -1.61803e+00    -1.61803e+00    -1.45161e+00
       69     1.42967e-05     1.73205e-08          -1.73205e+00    -1.61803e+00    -1.61803e+00    -1.61803e+00    -1.45161e+00
       70     1.04562e-05     1.73205e-08          -1.73205e+00    -1.61803e+00    -1.61803e+00    -1.61803e+00    -1.45161e+00
       71     8.86667e-06     1.73205e-08          -1.73205e+00    -1.61803e+00    -1.61803e+00    -1.61803e+00    -1.45161e+00
       72     7.53221e-06     1.73205e-08          -1.73205e+00    -1.61803e+00    -1.61803e+00    -1.61803e+00    -1.45161e+00
       73     5.97327e-06     1.73205e-08          -1.73205e+00    -1.61803e+00    -1.61803e+00    -1.61803e+00    -1.45161e+00
       74     4.82376e-06     1.73205e-08          -1.73205e+00    -1.61803e+00    -1.61803e+00    -1.61803e+00    -1.45161e+00
       75     3.73875e-06     1.73205e-08          -1.73205e+00    -1.61803e+00    -1.61803e+00    -1.61803e+00    -1.45161e+00
       76     3.25789e-06     1.73205e-08          -1.73205e+00    -1.61803e+00    -1.61803e+00    -1.61803e+00    -1.45161e+00
       77     2.89617e-06     1.73205e-08          -1.73205e+00    -1.61803e+00    -1.61803e+00    -1.61803e+00    -1.45161e+00
       78     2.04470e-06     1.73205e-08          -1.73205e+00    -1.61803e+00    -1.61803e+00    -1.61803e+00    -1.45161e+00
       79     1.60532e-06     1.73205e-08          -1.73205e+00    -1.61803e+00    -1.61803e+00    -1.61803e+00    -1.45161e+00
       80     1.12949e-06     1.73205e-08          -1.73205e+00    -1.61803e+00    -1.61803e+00    -1.61803e+00    -1.45161e+00
       81     8.77298e-07     1.73205e-08          -1.73205e+00    -1.61803e+00    -1.61803e+00    -1.61803e+00    -1.45161e+00
       82     6.91713e-07     1.73205e-08          -1.73205e+00    -1.61803e+00    -1.61803e+00    -1.61803e+00    -1.45161e+00
       83     6.01473e-07     1.73205e-08          -1.73205e+00    -1.61803e+00    -1.61803e+00    -1.61803e+00    -1.45161e+00
       84     5.35501e-07     1.73205e-08          -1.73205e+00    -1.61803e+00    -1.61803e+00    -1.61803e+00    -1.45161e+00
       85     4.18624e-07     1.73205e-08          -1.73205e+00    -1.61803e+00    -1.61803e+00    -1.61803e+00    -1.45161e+00
       86     2.98146e-07     1.73205e-08          -1.73205e+00    -1.61803e+00    -1.61803e+00    -1.61803e+00    -1.45161e+00
       87     2.25061e-07     1.73205e-08          -1.73205e+00    -1.61803e+00    -1.61803e+00    -1.61803e+00    -1.45161e+00
       88     2.02905e-07     1.73205e-08          -1.73205e+00    -1.61803e+00    -1.61803e+00    -1.61803e+00    -1.45161e+00
       89     1.89344e-07     1.73205e-08          -1.73205e+00    -1.61803e+00    -1.61803e+00    -1.61803e+00    -1.45161e+00
       90     1.45724e-07     1.73205e-08          -1.73205e+00    -1.61803e+00    -1.61803e+00    -1.61803e+00    -1.45161e+00
       91     1.16873e-07     1.73205e-08          -1.73205e+00    -1.61803e+00    -1.61803e+00    -1.61803e+00    -1.45161e+00
       92     9.40431e-08     1.73205e-08          -1.73205e+00    -1.61803e+00    -1.61803e+00    -1.61803e+00    -1.45161e+00
       93     6.94450e-08     1.73205e-08          -1.73205e+00    -1.61803e+00    -1.61803e+00    -1.61803e+00    -1.45161e+00
       94     6.53779e-08     1.73205e-08          -1.73205e+00    -1.61803e+00    -1.61803e+00    -1.61803e+00    -1.45161e+00
       95     4.84630e-08     1.73205e-08          -1.73205e+00    -1.61803e+00    -1.61803e+00    -1.61803e+00    -1.45161e+00
       96     4.42037e-08     1.73205e-08          -1.73205e+00    -1.61803e+00    -1.61803e+00    -1.61803e+00    -1.45161e+00
       97     3.27224e-08     1.73205e-08          -1.73205e+00    -1.61803e+00    -1.61803e+00    -1.61803e+00    -1.45161e+00
       98     2.20703e-08     1.73205e-08          -1.73205e+00    -1.61803e+00    -1.61803e+00    -1.61803e+00    -1.45161e+00
       99     2.03045e-08     1.73205e-08          -1.73205e+00    -1.61803e+00    -1.61803e+00    -1.61803e+00    -1.45161e+00
      100     1.70188e-08     1.73205e-08          -1.73205e+00    -1.61803e+00    -1.61803e+00    -1.61803e+00    -1.45161e+00
